   7.4213754403683774E-002  0.35566599837308815        1.6263335216670049E-003
   9.2026298062331854E-002  0.44145944995028708        3.9208580085579332E-003
  0.10654036290585328       0.51176221977916470        6.5615104420073643E-003
  0.11921155489358763       0.57347467422735965        9.5156588879543053E-003
  0.13081613887689811       0.63033571858302118        1.2720212762544710E-002
  0.14185846941779343       0.68475530982418054        1.6176182641830971E-002
  0.15229246399410012       0.73644131364817256        1.9904098077687792E-002
  0.16220017969221079       0.78577150269477558        2.3889550571063147E-002
  0.17166059818125001       0.83311443507223215        2.8120233459813754E-002
  0.18073866472176200       0.87877407186553191        3.2585664807852750E-002
  0.18948668309157449       0.92299541263726703        3.7276842876829176E-002
  0.19794694643948599       0.96597657986289198        4.2185959118250439E-002
  0.20615398502810933        1.0078792801189154        4.7306173791844021E-002
  0.21413631751196910        1.0488370013120512        5.2631443163834744E-002
  0.22191775622067444        1.0889611340698118        5.8156383870489575E-002
  0.22951839864635992        1.1283456313954996        6.3876167103035772E-002
  0.23695536284228028        1.1670704610947642        6.9786434233539973E-002
  0.24424335745695216        1.2052042861551866        7.5883228764281982E-002
  0.25139512886265764        1.2428065712186902        8.2162941248834193E-002
  0.25842179355115558        1.2799291396564234        8.8622263899008680E-002
  0.26533311183218855        1.3166174610913361        9.5258152984592018E-002
  0.27213770919875707        1.3529116945834359       0.10206779724587398     
  0.27884325089270312        1.3888475091311379       0.10904859148146549     
  0.28545657031946042        1.4244566776834571       0.11619811383056133     
  0.29198380503877741        1.4597677283832529       0.12351410670946701     
  0.29843047517367566        1.4948063002609171       0.13099445996077602     
  0.30480158114985600        1.5295956143102258       0.13863719655606235     
  0.31110165426752256        1.5641566981958523       0.14644046021653739     
  0.31733482735522317        1.5985087281799217       0.15440250406999093     
  0.32350486914344939        1.6326691788709475       0.16252168149734791     
  0.32961523658180275        1.6666540773708747       0.17079643720918350     
  0.33566910708832215        1.7004781518312386       0.17922529997754280     
  0.34166940749107910        1.7341549655859834       0.18780687580915048     
  0.34761883690524614        1.7676970206778575       0.19653984192614421     
  0.35351989684063312        1.8011159052540646       0.20542294143886969     
  0.35937490989442389        1.8344223799408326       0.21445497850132331     
  0.36518602936781391        1.8676264146130626       0.22363481394079038     
  0.37095527020937530        1.9007373488582948       0.23296136133503667     
  0.37668449321792863        1.9337637867501014       0.24243358348972288     
  0.38237545944869178        1.9667138963768003       0.25205048881166081     
  0.38802980948909560        1.9995952791739633       0.26181112908420778     
  0.39364907674878097        2.0324150353544508       0.27171459604220050     
  0.39923470845181080        2.0651798761014195       0.28176001935545919     
  0.40478806371955339        2.0978961037148580       0.29194656391778412     
  0.41031041336528046        2.1305696011778172       0.30227342827640474     
  0.41580297126871579        2.1632060097950445       0.31273984245340419     
  0.42126687489064785        2.1958106072956189       0.32334506590994505     
  0.42670319721809485        2.2283883714129189       0.33408838635566362     
  0.43211295886977685        2.2609440463054762       0.34496911797612800     
  0.43749712312343886        2.2934821072049032       0.35598660007446903     
  0.44285660594831167        2.3260068154727449       0.36714019575727136     
  0.44819227665505423        2.3585222177924643       0.37842929072308773     
  0.45350495816914899        2.3910321430714880       0.38985329212037179     
  0.45879543922058097        2.4235402726237196       0.40141162771217670     
  0.46406446259388817        2.4560500644523735       0.41310374378650450     
  0.46931274354659092        2.4885648621511849       0.42492910643160925     
  0.47454095810084829        2.5210878198447593       0.43688719847033924     
  0.47974975457150609        2.5536219699077307       0.44897751974800576     
  0.48493975381546617        2.5861702218373694       0.46119958615133277     
  0.49011154648751781        2.6187353421764237       0.47355292889310796     
  0.49526569505191104        2.6513199641031275       0.48603709383593729     
  0.50040274359458836        2.6839266468976035       0.49865164086584457     
  0.50552321128787969        2.7165578324818362       0.51139614328784244     
  0.51062759155438886        2.7492158374652171       0.52427018726685060     
  0.51571636274465527        2.7819029191352662       0.53727337130132991     
  0.52078998533412546        2.8146212559453674       0.55040530568838031     
  0.52584888979814448        2.8473728670501872       0.56366561214935795     
  0.53089350613311048        2.8801598012581220       0.57705392314786852     
  0.53592423645078513        2.9129839581376245       0.59056988181062442     
  0.54094147039473250        2.9458471861541113       0.60421314122856296     
  0.54594558189337472        2.9787512600351804       0.61798336419775601     
  0.55093693064225435        3.0116978889583725       0.63188022283720480     
  0.55591587123866448        3.0446887757344085       0.64590339824520837     
  0.56088273196131921        3.0777254750763641       0.66005258016792578     
  0.56583783833550705        3.1108095482151463       0.67432746668879029     
  0.57078149950315737        3.1439424713275064       0.68872776392642154     
  0.57571402149135220        3.1771257231744272       0.70325318575546403     
  0.58063568895875806        3.2103606614838349       0.71790345353382001     
  0.58554677946265687        3.2436486173860350       0.73267829584379951     
  0.59044757753709276        3.2769909907183967       0.74757744824769834     
  0.59533833455657115        3.3103889765536070       0.76260065305106095     
  0.60021929991403156        3.3438437753161816       0.77774765907915577     
  0.60509072258340746        3.3773566035160361       0.79301822146106071     
  0.60995284516346593        3.4109286526992215       0.80841210142421649     
  0.61480588843386008        3.4445609816124891       0.82392906609767524     
  0.61965007776836822        3.4782546976792363       0.83956888832313759     
  0.62448562759503556        3.5120108490835413       0.85533134647684617     
  0.62931274373296564        3.5458304399588090       0.87121622429315004     
  0.63413163283578733        3.5797144959834348       0.88722331070336824     
  0.63894248807165799        3.6136639634139316       0.90335239966038361     
  0.64374549563866090        3.6476797537478762       0.91960329001787000     
  0.64854084745413032        3.6817628333452102       0.93597578535214099     
  0.65332871242257473        3.7159140189846043       0.95246969383503910     
  0.65810927441821776        3.7501342474517796       0.96908482809714747     
  0.66288269940491318        3.7844243409543306       0.98582100509747372     
  0.66764913571425777        3.8187850069868134        1.0026780459957878     
  0.67240875789864440        3.8532171540151654        1.0196557760351668     
  0.67716172431968102        3.8877215864886443        1.0367540244230566     
  0.68190817161119199        3.9222989624934126        1.0539726242215592     
  0.68664825087305692        3.9569500561696693        1.0713114121546432     
  0.69138210669457623        3.9916756054176412        1.0887702289232144     
  0.69610987138622094        4.0264762688177562        1.1063489182710893     
  0.70083168382916916        4.0613527634751314        1.1240473276353848     
  0.70554767077609004        4.0963057271387884        1.1418653080363648     
  0.71025796250051398        4.1313358333701808        1.1598027136634543     
  0.71496268066226232        4.1664437016310627        1.1778594007306846     
  0.71966194629655711        4.2016299554868848        1.1960352306460849     
  0.72435587554240866        4.2368951912222821        1.2143300663741829     
  0.72904458506117997        4.2722400183134432        1.2327437717341041     
  0.73372818388918815        4.3076649954891106        1.2512762231760917     
  0.73840678049050312        4.3431706915061508        1.2699272691474512     
  0.74308048410432914        4.3787576745986314        1.2886968350808599     
  0.74774939252001016        4.4144264535039444        1.3075847495955182     
  0.75241361246668181        4.4501776003841735        1.3265909072225748     
  0.75707323547097805        4.4860115803634564        1.3457151962247296     
  0.76172835779230952        4.5219289043779964        1.3649574949472818     
  0.76637907653483839        4.5579300955899722        1.3843176927704428     
  0.77102549079691352        4.5940157005757092        1.4037956794435620     
  0.77566766078352012        4.6301859702938328        1.4233913461288810     
  0.78030570105093677        4.6664415848112082        1.4431045879585596     
  0.78493968755990096        4.7027829307732123        1.4629353005690091     
  0.78956970216574140        4.7392104468198522        1.4828833820071319     
  0.79419582724558102        4.7757245818389391        1.5029487328501192     
  0.79881813522799117        4.8123257121635126        1.5231312556951835     
  0.80343671505388803        4.8490143509429933        1.5434308546285840     
  0.80805162753164195        4.8857907937887228        1.5638474361572632     
  0.81266296064617227        4.9226555582976603        1.5843809081189650     
  0.81727077436372664        4.9596089438412356        1.6050311814793181     
  0.82187514149747964        4.9966513579761038        1.6257981669633113     
  0.82647613388006402        5.0337832055993141        1.6466817789177364     
  0.83107381875524156        5.0710048601810325        1.6676819322753891     
  0.83566826339296907        5.1083167002535239        1.6887985451415264     
  0.84025952936580195        5.1457190638236048        1.7100315330512841     
  0.84484767006150163        5.1832122253923636        1.7313808193628177     
  0.84943275866252532        5.2207966265792605        1.7528463248477397     
  0.85401485191263504        5.2584725812627529        1.7744279619712897     
  0.85859401445177475        5.2962404650017652        1.7961256882838756     
  0.86317029184536009        5.3341005122863479        1.8179393962587269     
  0.86774375108905655        5.3720531302948684        1.8398690278903540     
  0.87231444210123177        5.4100985922957978        1.8619145094196656     
  0.87688241649963017        5.4482371888967833        1.8840757715058323     
  0.88144773137697841        5.4864692620390834        1.9063527374299463     
  0.88601043540624613        5.5247950820147116        1.9287453619970201     
  0.89057058749947393        5.5632150142722212        1.9512535718134441     
  0.89512822322901764        5.6017292321702561        1.9738772909739324     
  0.89968339768650851        5.6403380735999047        1.9966164646235391     
  0.90423616242600746        5.6790418524570487        2.0194710291483275     
  0.90878655809331810        5.7178407929250508        2.0424409255875404     
  0.91333463463719955        5.7567352021757596        2.0655260940557287     
  0.91788043655818508        5.7957253444248300        2.0887264762482536     
  0.92242400194363550        5.8348114327458145        2.1120420108229165     
  0.92696538021901642        5.8739937779946167        2.1354726545757843     
  0.93150461053525280        5.9132726103596731        2.1590183397193887     
  0.93604173396803447        5.9526481775695634        2.1826790115749333     
  0.94057679363138502        5.9921207453143985        2.2064546338842810     
  0.94510982481605998        6.0316905203579765        2.2303451353979344     
  0.94964086883719978        6.0713577604218401        2.2543504720164753     
  0.95416996022484024        6.1111226671854606        2.2784705983111664     
  0.95782360374402764        6.1431146074658507        2.3039420135992752     
  0.96322245383258309        6.1909465756283524        2.3270550153294325     
  0.96774592465534393        6.2310059926553931        2.3515192097650646     
  0.97226758423446025        6.2711639427650780        2.3760980010807065     
  0.97678747823733181        6.3114207410892949        2.4007913426754675     
  0.98130563788261804        6.3517765768372954        2.4255991914993489     
  0.98582209392842768        6.3922316377979431        2.4505215029420118     
  0.99033688131976760        6.4327861514642581        2.4755582346915976     
  0.99485003401378691        6.4734403392177535        2.5007093447802071     
  0.99936157247806912        6.5141943030393987        2.5259747921216755     
   1.0038715357430958        6.5550483145812466        2.5513545364386694     
   1.0083799622589753        6.5960026434106318        2.5768485381463506     
   1.0128868670104993        6.6370573482400896        2.6024567580759146     
   1.0173922852906347        6.6782126740290071        2.6281791595352373     
   1.0218962482344152        6.7194688308963855        2.6540157038545282     
   1.0263987849468719        6.7608260124166355        2.6799663549276502     
   1.0308999114056394        6.8022842934104286        2.7060310768720184     
   1.0353996735040027        6.8438440262959652        2.7322098345473704     
   1.0398980799628763        6.8855052227353539        2.7585025934351068     
   1.0443951711009458        6.9272681884428424        2.7849093196923187     
   1.0488909602347842        6.9691329807873688        2.8114299800597897     
   1.0533854786382104        7.0110998257196675        2.8380645420874537     
   1.0578787550227040        7.0531689276326217        2.8648129743895976     
   1.0623708015137723        7.0953403377188486        2.8916752434835749     
   1.0668616585326813        7.1376143736303064        2.9186513220429893     
   1.0713513365410656        7.1799910740329462        2.9457411789975669     
   1.0758398618547507        7.2224706282873088        2.9729447841115588     
   1.0803272672397084        7.2650532890097645        3.0002621085851677     
   1.0848135590390202        7.3077390598421799        3.0276931234111157     
   1.0892987636521414        7.3505281358843169        3.0552378025369906     
   1.0937829053000721        7.3934206938506373        3.0828961177462637     
   1.0976593502239678        7.4306059322796871        3.1106532527186350     
   1.1017177805553147        7.4696360826015429        3.1385366638602239     
   1.1072291687545175        7.5227208021041010        3.1665526245841300     
   1.1113281760326381        7.5623416001834602        3.1946896456523932     
   1.1153868235337725        7.6016846086491983        3.2228934341551780     
   1.1206666256433047        7.6529576953900378        3.2512309329288085     
   1.1251438854361013        7.6965785675620735        3.2796839596563530     
   1.1295528402204820        7.7396456209101849        3.3082460450268476     
   1.1336238950109374        7.7795129502596954        3.3369503108421736     
   1.1376906556609656        7.8194507542075167        3.3657188323926097     
   1.1432265899429241        7.8739333880829223        3.3945268018983130     
   1.1474279328258812        7.9153851163041837        3.4236403007700495     
