1600 1600 2350 5000 -1000 3000 4000 -1000 1000 7000 7500 1000 0 0 0 0 0 690 000 300 3 1 1 0 0

# Nuc model 2: sylvian
1600 1600 2350 5000 -5000 3000 4000 -1000 1000 7000 7500 1000 0 0 0 0 0 690 000 300 3 1 1 0 0
# Nuc model 3: sylvian with more repulsive SM
1600 1600 2350 5000 -1000 3000 4000 -1000 1000 7000 7500 1000 0 0 0 0 0 690 000 300 3 1 1 0 0

# Nuc model 1
1600 1600 2100 -3000 -830 3000 5000 -1000 130 -600 10000 0000 0 0 0 0 0 690 000 300 3 1 1 0 0

1600 1600 2350 3000 800 3000 5000 -1500 -500 100 7500 1000 0 0 0 0 0 690 000 300 3 1 1 1 5

1600 1600 2350 5000 -5000 3000 4000 -1000 1000 7000 7500 1000 0 0 0 0 0 690 000 300 3 1 1 1 0

1600 1600 2350 3000 800 3000 5000 -1500 -500 100 7500 1000 0 0 0 0 0 690 000 380 3 1 1 0 5

1598 1604 2300 -2250 -443 3203 4830 -1120  351 -690 7000 -1800 0 0 0 0 0 690 000 300 3 1 1 1 0




1600 1600 2350 5000 -5000 3000 4000 -1000 1000 7000 7500 1000 0 0 0 0 0 690 000 300 3 1 1 1 0


1600 1604 2300 -3640 892 3203 4830 -1120 1010 -3587 7000 -1800 0 0 0 0 0 690 000 1 1

1600 1600 2350 5000 -5000 3000 4000 -1000 1000 7000 7500 1000 0 0 0 0 0 690 000 1 0

1529 1535 2344 6007 -4005 3047 4378 -461 916 6483 7500 1000 0 0 0 0 0 690 000 1 1

1600 1604 2300 -3640 892 3203 4830 -1120 1010 -3587 7000 -1800 690 1 0

1600 1600 2350 5000 -5000 3000 4000 -1000 1000 7000 7500 1000 690 1 0
