   4.9999999999999996E-002   1.0000000000000000        46.381532798387425      -0.68457230392295143     
   5.4773869346733665E-002   1.0000000000000000        50.738303445382144      -0.82161216536854831     
   5.9547738693467328E-002   1.0000000000000000        55.082656457311927      -0.96937875783972871     
   6.4321608040200998E-002   1.0000000000000000        59.414750907888781       -1.1272699148830114     
   6.9095477386934667E-002   1.0000000000000000        63.734768671695875       -1.2946375452059065     
   7.3869346733668323E-002   1.0000000000000000        68.042912899226266       -1.4707865745494697     
   7.8643216080402006E-002   1.0000000000000000        72.339406966775812       -1.6549735766763012     
   8.3417085427135662E-002   1.0000000000000000        76.624493772644158       -1.8464051807964650     
   8.8190954773869346E-002   1.0000000000000000        80.898435291076296       -2.0442363215828818     
   9.2964824120603001E-002   1.0000000000000000        85.161512321019828       -2.2475683857356481     
   9.7738693467336671E-002   1.0000000000000000        89.414024383638647       -2.4554473024502870     
  0.10251256281407033        1.0000000000000000        93.656289733828999       -2.6668616221559960     
  0.10728643216080401        1.0000000000000000        97.888645458672030       -2.8807406273153098     
  0.11206030150753768        1.0000000000000000        102.11144764103133       -3.0959525201499760     
  0.11683417085427135        1.0000000000000000        106.32507157012584       -3.3113027343505848     
  0.12160804020100500        1.0000000000000000        110.52991198339416       -3.5255324207518655     
  0.12638190954773867        1.0000000000000000        114.72638332563196       -3.7373171602866857     
  0.13115577889447233        1.0000000000000000        118.91492001249003       -3.9452659609784284     
  0.13592964824120601        1.0000000000000000        123.09597668611413       -4.1479205990171479     
  0.14070351758793970        1.0000000000000000        127.27002845112344       -4.3437553667815951     
  0.14547738693467335        1.0000000000000000        131.43757107935826       -4.5311772927232568     
  0.15025125628140701        1.0000000000000000        135.59912117195688       -4.7085268989862481     
  0.15502512562814066        1.0000000000000000        139.75521626741113       -4.8740795621617199     
  0.15979899497487438        1.0000000000000000        143.90641488436574       -5.0260475403279479     
  0.16457286432160803        1.0000000000000000        148.05329648810886       -5.1625827251766614     
  0.16934673366834169        1.0000000000000000        152.19646137001405       -5.2817801712750230     
  0.17412060301507534        1.0000000000000000        156.33653042966532       -5.3816824451188516     
  0.17889447236180903        1.0000000000000000        160.47414485007795       -5.4602848244385012     
  0.18366834170854268        1.0000000000000000        164.60996565734280       -5.5155413631787917     
  0.18844221105527634        1.0000000000000000        168.74467315719684       -5.5453718197843731     
  0.19321608040201002        1.0000000000000000        172.87896624247509       -5.5476694261486017     
  0.19798994974874370        1.0000000000000000        177.01356156712268       -5.5203094522721674     
  0.20276381909547736        1.0000000000000000        181.14919258444081       -5.4611584979724004     
  0.20753768844221102        1.0000000000000000        185.28660844946762       -5.3680844187045844     
  0.21231155778894467        1.0000000000000000        189.42657278782204       -5.2389667686988943     
  0.21708542713567838        1.0000000000000000        193.56986233590973       -5.0717076222679784     
  0.22185929648241204        1.0000000000000000        197.71726546001850       -4.8642426144806237     
  0.22663316582914569        1.0000000000000000        201.86958056446139       -4.6145520265604620     
  0.23140703517587935        1.0000000000000000        206.02761440144113       -4.3206717304058317     
  0.23618090452261301        1.0000000000000000        210.19218029763749       -3.9807038014011895     
  0.24095477386934672        1.0000000000000000        214.36409631455712       -3.5928266097987969     
  0.24572864321608037        1.0000000000000000        218.54418336135325       -3.1553042086622711     
  0.25050251256281403        1.0000000000000000        222.73326328005533       -2.6664948505847059     
  0.25527638190954771        1.0000000000000000        226.93215692387906       -2.1248584856487511     
  0.26005025125628134        1.0000000000000000        231.14168224950171       -1.5289631185488781     
  0.26482412060301502        1.0000000000000000        235.36265244386232      -0.87748993231452488     
  0.26959798994974871        1.0000000000000000        239.59587410520595      -0.16923711828929805     
  0.27437185929648239        1.0000000000000000        243.84214549677066       0.59687761455159261     
  0.27914572864321607        1.0000000000000000        248.10225488977420        1.4218158447376597     
  0.28391959798994976        1.0000000000000000        252.37697901027269        2.3064185202885712     
  0.28869346733668338        1.0000000000000000        256.66708160211630        3.2514072515325170     
  0.29346733668341707        1.0000000000000000        260.97331211571537        4.2573867243169294     
  0.29824120603015070        1.0000000000000000        265.29640452974337        5.3248481234480547     
  0.30301507537688438        1.0000000000000000        269.63707631033350        6.4541734415764456     
  0.30778894472361806        1.0000000000000000        273.99602750984491        7.6456405393250870     
  0.31256281407035169        1.0000000000000000        278.37394000495993        8.8994288180566432     
  0.31733668341708537        1.0000000000000000        282.77147687177467        10.215625366890652     
  0.32211055276381911        1.0000000000000000        287.18928189370263        11.594231449830765     
  0.32688442211055269        1.0000000000000000        291.62797919643941        13.035169206457391     
  0.33165829145728642        1.0000000000000000        296.08817300297721        14.538288449834281     
  0.33643216080402005        1.0000000000000000        300.57044750065444        16.103373457323372     
  0.34120603015075374        1.0000000000000000        305.07536681153977        17.730149663191661     
  0.34597989949748742        1.0000000000000000        309.60347505698360        19.418290175588822     
  0.35075376884422105        1.0000000000000000        314.15529650696487        21.167422054127673     
  0.35552763819095473        1.0000000000000000        318.73133580484580        22.977132297467502     
  0.36030150753768836        1.0000000000000000        323.33207825830556        24.846973502643362     
  0.36507537688442204        1.0000000000000000        327.95799018752933        26.776469169154801     
  0.36984924623115573        1.0000000000000000        332.60951932214147        28.765118630879225     
  0.37462311557788935        1.0000000000000000        337.28709523887056        30.812401607629624     
  0.37939698492462304        1.0000000000000000        341.99112983249108        32.917782375621705     
  0.38417085427135678        1.0000000000000000        346.72201781317938        35.080713562289375     
  0.38894472361809040        1.0000000000000000        351.48013722403499        37.300639575869361     
  0.39371859296482409        1.0000000000000000        356.26584997312904        39.576999684054933     
  0.39849246231155772        1.0000000000000000        361.07950237504485        41.909230758926959     
  0.40326633165829140        1.0000000000000000        365.92142569745664        44.296769707403605     
  0.40804020100502508        1.0000000000000000        370.79193670884507        46.739055607764868     
  0.41281407035175871        1.0000000000000000        375.69133822396725        49.235531573483065     
  0.41758793969849239        1.0000000000000000        380.61991964417956        51.785646365770667     
  0.42236180904522602        1.0000000000000000        385.57795749015804        54.388855776019021     
  0.42713567839195971        1.0000000000000000        390.56571592495800        57.044623798745000     
  0.43190954773869344        1.0000000000000000        395.58344726572477        59.752423614865862     
  0.43668341708542707        1.0000000000000000        400.63139248269022        62.511738404146300     
  0.44145728643216076        1.0000000000000000        405.70978168438052        65.322062004571194     
  0.44623115577889444        1.0000000000000000        410.81883458821346        68.182899435229515     
  0.45100502512562807        1.0000000000000000        415.95876097589456        71.093767298097220     
  0.45577889447236175        1.0000000000000000        421.12976113320349        74.054194072899932     
  0.46055276381909538        1.0000000000000000        426.33202627394468        77.063720318054308     
  0.46532663316582906        1.0000000000000000        431.56573894796463        80.121898789532835     
  0.47010050251256275        1.0000000000000000        436.83107343327327        83.228294488405709     
  0.47487437185929637        1.0000000000000000        442.12819611239593        86.382484646762521     
  0.47964824120603006        1.0000000000000000        447.45726583318100        89.584058660751651     
  0.48442211055276380        1.0000000000000000        452.81843425434096        92.832617978554424     
  0.48919597989949742        1.0000000000000000        458.21184617607940        96.127775950280508     
  0.49396984924623111        1.0000000000000000        463.63763985618345        99.469157645989910     
  0.49874371859296474        1.0000000000000000        469.09594731200815        102.85639964734357     
  0.50351758793969847        1.0000000000000000        474.58689460879464        106.28914981774105     
  0.50829145728643210        1.0000000000000000        480.11060213479175        109.76706705521542     
  0.51306532663316573        1.0000000000000000        485.66718486365318        113.28982103183446     
  0.51783919597989936        1.0000000000000000        491.25675260459133        116.85709192287673     
  0.52261306532663310        1.0000000000000000        496.87941024077674        120.46857012862986     
  0.52738693467336673        1.0000000000000000        502.53525795645749        124.12395599127591     
  0.53216080402010035        1.0000000000000000        508.22439145327917        127.82295950898776     
  0.53693467336683409        1.0000000000000000        513.94690215627202        131.56530004906256     
  0.54170854271356783        1.0000000000000000        519.70287740996014        135.35070606164612     
  0.54648241206030146        1.0000000000000000        525.49240066504603        139.17891479537042     
  0.55125628140703520        1.0000000000000000        531.31555165609495        143.04967201601201     
  0.55603015075376883        1.0000000000000000        537.17240657064804        146.96273172910148     
  0.56080402010050245        1.0000000000000000        543.06303821016195        150.91785590724629     
  0.56557788944723619        1.0000000000000000        548.98751614317166        154.91481422279548     
  0.57035175879396982        1.0000000000000000        554.94590685104674        158.95338378634409     
  0.57512562814070345        1.0000000000000000        560.93827386670750        163.03334889147507     
  0.57989949748743719        1.0000000000000000        566.96467790664008        167.15450076603736     
  0.58467336683417082        1.0000000000000000        573.02517699654663        171.31663733018232     
  0.58944723618090444        1.0000000000000000        579.11982659094065        175.51956296130996     
  0.59422110552763807        1.0000000000000000        585.24867968699743        179.76308826601800     
  0.59899497487437181        1.0000000000000000        591.41178693293466        184.04702985909310     
  0.60376884422110544        1.0000000000000000        597.60919673121271        188.37121014954511     
  0.60854271356783907        1.0000000000000000        603.84095533679601        192.73545713364371     
  0.61331658291457292        1.0000000000000000        610.10710695074704        197.13960419489186     
  0.61809045226130654        1.0000000000000000        616.40769380936263        201.58348991083670     
  0.62286432160804017        1.0000000000000000        622.74275626910196        206.06695786660976     
  0.62763819095477391        1.0000000000000000        629.11233288749759        210.58985647505648     
  0.63241206030150754        1.0000000000000000        635.51646050026807        215.15203880331623     
  0.63718592964824117        1.0000000000000000        641.95517429481117        219.75336240568944     
  0.64195979899497491        1.0000000000000000        648.42850788026806        224.39368916263280     
  0.64673366834170853        1.0000000000000000        654.93649335432963        229.07288512570750     
  0.65150753768844216        1.0000000000000000        661.47916136694300        233.79082036830616     
  0.65628140703517590        1.0000000000000000        668.05654118108032        238.54736884198303     
  0.66105527638190953        1.0000000000000000        674.66866073071435        243.34240823820494     
  0.66582914572864316        1.0000000000000000        681.31554667613659        248.17581985534653     
  0.67060301507537678        1.0000000000000000        687.99722445675775        253.04748847075129     
  0.67537688442211052        1.0000000000000000        694.71371834150773        257.95730221768218     
  0.68015075376884415        1.0000000000000000        701.46505147696007        262.90515246698658     
  0.68492462311557778        1.0000000000000000        708.25124593328883        267.89093371330802     
  0.68969849246231152        1.0000000000000000        715.07232274816658        272.91454346567320     
  0.69447236180904515        1.0000000000000000        721.92830196870534        277.97588214229501     
  0.69924623115577877        1.0000000000000000        728.81920269153477        283.07485296942826     
  0.70402010050251251        1.0000000000000000        735.74504310110660        288.21136188412589     
  0.70879396984924614        1.0000000000000000        742.70584050631714        293.38531744074362     
  0.71356783919597988        1.0000000000000000        749.70161137552213        298.59663072104695     
  0.71834170854271362        1.0000000000000000        756.73237137002604        303.84521524777875     
  0.72311557788944725        1.0000000000000000        763.79813537611960        309.13098690155329     
  0.72788944723618088        1.0000000000000000        770.89891753572863        314.45386384093968     
  0.73266331658291461        1.0000000000000000        778.03473127575057        319.81376642561156     
  0.73743718592964824        1.0000000000000000        785.20558933613006        325.21061714243859     
  0.74221105527638187        1.0000000000000000        792.41150379674139        330.64434053440067     
  0.74698492462311550        1.0000000000000000        799.65248610312938        336.11486313221144     
  0.75175879396984924        1.0000000000000000        806.92854709116398        341.62211338854195     
  0.75653266331658287        1.0000000000000000        814.23969701065948        347.16602161473946     
  0.76130653266331649        1.0000000000000000        821.58594554800459        352.74651991993642     
  0.76608040201005023        1.0000000000000000        828.96730184785110        358.36354215245905     
  0.77085427135678386        1.0000000000000000        836.38377453390262        364.01702384343497     
  0.77562814070351749        1.0000000000000000        843.83537172884894        369.70690215251665     
  0.78040201005025123        1.0000000000000000        851.32210107347510        375.43311581562767     
  0.78517587939698485        1.0000000000000000        858.84396974499816        381.19560509465992     
  0.78994974874371848        1.0000000000000000        866.40098447464925        386.99431172902854     
  0.79472361809045222        1.0000000000000000        873.99315156454929        392.82917888902244     
  0.79949748743718585        1.0000000000000000        881.62047690390148        398.70015113086919     
  0.80427135678391948        1.0000000000000000        889.28296598453369        404.60717435344890     
  0.80904522613065311        1.0000000000000000        896.98062391582118        410.55019575658753     
  0.81381909547738696        1.0000000000000000        904.71345543901293        416.52916380086862     
  0.81859296482412058        1.0000000000000000        912.48146494099205        422.54402816889944     
  0.82336683417085421        1.0000000000000000        920.28465646749453        428.59473972797764     
  0.82814070351758795        1.0000000000000000        928.12303373580585        434.68125049409610     
  0.83291457286432158        1.0000000000000000        935.99660014696451        440.80351359723653     
  0.83768844221105521        1.0000000000000000        943.90535879748552        446.96148324789971     
  0.84246231155778895        1.0000000000000000        951.84931249063561        453.15511470482312     
  0.84723618090452257        1.0000000000000000        959.82846374726716        459.38436424383684     
  0.85201005025125620        1.0000000000000000        967.84281481624134        465.64918912781781     
  0.85678391959798994        1.0000000000000000        975.89236768444607        471.94954757769017     
  0.86155778894472357        1.0000000000000000        983.97712408643724        478.28539874444095     
  0.86633165829145720        1.0000000000000000        992.09708551370898        484.65670268210312     
  0.87110552763819094        1.0000000000000000        1000.2522532236211        491.06342032167385     
  0.87587939698492456        1.0000000000000000        1008.4426282479795        497.50551344592589     
  0.88065326633165819        1.0000000000000000        1016.6682114013049        503.98294466508315     
  0.88542713567839182        1.0000000000000000        1024.9290032887836        510.49567739332281     
  0.89020100502512556        1.0000000000000000        1033.2250043139315        517.04367582607392     
  0.89497487437185919        1.0000000000000000        1041.5562146859670        523.62690491808280     
  0.89974874371859281        1.0000000000000000        1049.9226344269127        530.24533036221214     
  0.90452261306532655        1.0000000000000000        1058.3242633784391        536.89891856895110     
  0.90929648241206018        1.0000000000000000        1066.7611012084540        543.58763664660387     
  0.91407035175879381        1.0000000000000000        1075.2331474174521        550.31145238213594     
  0.91884422110552766        1.0000000000000000        1083.7404013446360        557.07033422265158     
  0.92361809045226129        1.0000000000000000        1092.2828621738115        563.86425125747348     
  0.92839195979899491        1.0000000000000000        1100.8605289390721        570.69317320081370     
  0.93316582914572865        1.0000000000000000        1109.4734005302792        577.55707037500281     
  0.93793969849246228        1.0000000000000000        1118.1214756983436        584.45591369425995     
  0.94271356783919591        1.0000000000000000        1126.8047530603224        591.38967464898838     
  0.94748743718592965        1.0000000000000000        1135.5232311043283        598.35832529056950     
  0.95226130653266328        1.0000000000000000        1144.2769081942713        605.36183821664383     
  0.95703517587939690        1.0000000000000000        1153.0657825744267        612.40018655685560     
  0.96180904522613053        1.0000000000000000        1161.8898523738458        619.47334395904943     
  0.96658291457286427        1.0000000000000000        1170.7491156106112        626.58128457589794     
  0.97135678391959790        1.0000000000000000        1179.6435701959404        633.72398305194736     
  0.97613065326633153        1.0000000000000000        1188.5732139381491        640.90141451106592     
  0.98090452261306527        1.0000000000000000        1197.5380445464757        648.11355454428167     
  0.98567839195979889        1.0000000000000000        1206.5380596347720        655.36037919798991     
  0.99045226130653252        1.0000000000000000        1215.5732567250668        662.64186496252717     
  0.99522613065326626        1.0000000000000000        1224.6436332510075        669.95798876108995     
  0.99999999999999989        1.0000000000000000        1233.7491865611798        677.30872793898982     
